QFeature0:0.304898689421899	QFeature1:0.838294674217121	QFeature2:0.451025254514481	
TFeature0:0.597788204576992	TFeature1:0.0943191428207418	TFeature2:0.316377773891527	