QFeature0:0.326536795669825	QFeature1:0.320574631420034	QFeature2:0.801561325015154	
TFeature0:3.26679629987576	TFeature1:-0.460312502865739	TFeature2:-0.457909104929959	