QFeature0:0.0205564150369034	QFeature1:0.495782005316746	QFeature2:0.373768211503743	
TFeature0:0.529660989661472	TFeature1:0.413313170282786	TFeature2:0.338751060103483	